### input configuration for BiGaussion fitting  ###
x=0.282427,0.847281,1.41213,1.97699,2.54184,3.1067,3.67155,4.2364,4.80126,5.36611,5.93096,6.49582,7.06067,7.62553,8.19038,8.75523,9.32009,9.88494,10.4498,11.0146,11.5795,12.1444,12.7092,13.2741,13.8389,14.4038,14.9686,15.5335,16.0983,16.6632,17.228,17.7929,18.3577,18.9226,19.4875,20.0523,20.6172,21.182,21.7469,22.3117,22.8766,23.4414,24.0063,24.5711,25.136,25.7008,26.2657,26.8306,27.3954,27.9603,28.5251,29.09,29.6548,30.2197,30.7845,31.3494,31.9142,32.4791,33.0439,33.6088,34.1736,34.7385,36.4331,36.9979

y=24699,4426,3853,4799,3235,3402,2666,2507,2302,2190,2123,1730,1577,1465,1338,1166,999,894,876,820,782,691,630,576,533,526,459,467,382,428,304,316,275,262,220,219,176,176,142,159,114,126,90,91,89,77,54,49,48,49,45,52,36,32,32,31,27,22,17,19,16,10,14,15
frequency=10
bandwidth=0.5
max_iter=30
eliminate=0.05
epsilon=0.005
sigma_ratio_limit=[0.1,1]
power=1
estim_method=em